1	19.05.2018	3,5,8,9,19,21,30,Fevereiro
2	22.05.2018	8,11,12,14,20,21,28,Dezembro
3	24.05.2018	11,12,21,24,25,28,29,Abril
4	26.05.2018	6,7,13,15,18,19,29,Janeiro
5	29.05.2018	2,8,9,17,19,24,28,Dezembro
6	02.06.2018	1,11,18,19,26,30,31,Fevereiro
7	05.06.2018	2,5,6,14,20,24,25,Janeiro
8	07.06.2018	1,4,13,21,22,24,27,Setembro
9	09.06.2018	3,10,13,18,19,23,24,Agosto
10	12.06.2018	6,10,13,18,19,20,30,Agosto
11	14.06.2018	7,13,16,19,20,27,31,Setembro
12	16.06.2018	2,3,7,12,17,21,22,Setembro
13	19.06.2018	1,4,7,9,20,21,26,Abril
14	21.06.2018	1,8,16,20,21,26,31,Novembro
15	23.06.2018	8,11,13,16,26,28,29,Novembro
16	26.06.2018	1,2,7,12,16,20,25,Outubro
17	28.06.2018	9,11,13,14,19,20,22,Junho
18	30.06.2018	4,7,8,14,21,27,31,Junho
19	03.07.2018	3,4,9,12,14,28,29,Outubro
20	05.07.2018	6,12,17,21,26,29,31,Outubro
21	07.07.2018	2,8,10,11,12,18,31,Março
22	10.07.2018	2,4,5,12,18,22,27,Julho
23	12.07.2018	9,10,17,19,25,27,28,Maio
24	14.07.2018	7,8,12,15,16,18,30,Outubro
25	17.07.2018	1,10,13,17,21,25,29,Julho
26	19.07.2018	2,8,10,11,16,20,28,Agosto
27	21.07.2018	6,12,15,17,20,23,28,Fevereiro
28	24.07.2018	2,9,12,15,18,20,24,Novembro
29	26.07.2018	3,5,13,21,22,24,27,Fevereiro
30	28.07.2018	4,8,9,17,20,27,30,Novembro
31	31.07.2018	4,6,7,9,11,24,28,Junho
32	02.08.2018	3,4,7,16,18,20,27,Março
33	04.08.2018	3,10,12,13,23,28,31,Setembro
34	07.08.2018	6,12,15,18,23,27,29,Dezembro
35	09.08.2018	3,7,11,12,17,22,23,Novembro
36	11.08.2018	2,7,11,12,13,16,27,Junho
37	14.08.2018	2,7,12,16,18,22,23,Janeiro
38	16.08.2018	8,15,17,18,26,29,30,Julho
39	18.08.2018	4,5,6,9,13,25,30,Março
40	21.08.2018	2,10,12,14,19,21,27,Setembro
41	23.08.2018	7,12,23,25,27,30,31,Dezembro
42	25.08.2018	6,11,14,16,17,29,31,Junho
43	28.08.2018	4,7,17,18,27,28,31,Abril
44	30.08.2018	7,9,15,23,26,30,31,Junho
45	01.09.2018	2,5,7,12,15,29,30,Setembro
46	04.09.2018	1,4,5,8,10,16,30,Agosto
47	06.09.2018	5,7,13,15,16,20,22,Setembro
48	08.09.2018	6,8,10,17,23,29,31,Abril
49	11.09.2018	4,11,16,17,20,23,31,Janeiro
50	13.09.2018	14,16,17,18,22,23,31,Setembro
51	15.09.2018	2,8,10,14,16,24,28,Setembro
52	18.09.2018	7,12,14,20,22,24,26,Setembro
53	20.09.2018	3,7,16,18,19,25,30,Abril
54	22.09.2018	4,11,18,21,24,25,27,Agosto
55	25.09.2018	1,8,16,18,22,25,28,Outubro
56	27.09.2018	9,10,15,16,17,23,31,Dezembro
57	29.09.2018	3,5,10,12,18,26,28,Outubro
58	02.10.2018	11,12,13,24,25,29,30,Agosto
59	04.10.2018	3,4,5,8,10,24,25,Outubro
60	06.10.2018	1,6,7,8,17,18,22,Outubro
61	09.10.2018	5,8,10,13,19,25,28,Abril
62	11.10.2018	7,11,13,18,23,28,30,Dezembro
63	13.10.2018	2,3,6,9,27,28,29,Agosto
64	16.10.2018	5,6,8,17,18,20,27,Janeiro
65	18.10.2018	7,20,21,27,28,30,31,Fevereiro
66	20.10.2018	4,6,10,11,12,17,24,Setembro
67	23.10.2018	1,4,8,14,19,22,26,Outubro
68	25.10.2018	1,4,6,14,20,21,27,Janeiro
69	27.10.2018	1,3,5,6,8,26,29,Julho
70	30.10.2018	2,4,5,9,11,28,29,Dezembro
71	01.11.2018	4,6,7,8,24,27,31,Setembro
72	03.11.2018	1,2,6,8,9,18,21,Abril
73	06.11.2018	8,9,10,11,14,18,23,Agosto
74	08.11.2018	6,12,15,17,20,23,29,Junho
75	10.11.2018	2,3,6,14,28,30,31,Janeiro
76	13.11.2018	10,15,16,21,25,26,29,Outubro
77	17.11.2018	6,7,11,12,14,19,21,Setembro
78	20.11.2018	4,6,8,13,14,19,23,Outubro
79	22.11.2018	1,8,10,12,15,21,28,Setembro
80	24.11.2018	2,3,4,10,18,19,28,Junho
81	27.11.2018	6,10,12,25,26,27,29,Fevereiro
82	29.11.2018	2,9,10,13,16,17,22,Abril
83	01.12.2018	2,9,10,13,15,21,26,Maio
84	04.12.2018	7,10,15,16,18,19,24,Maio
85	06.12.2018	3,7,21,22,23,26,31,Junho
86	08.12.2018	3,6,8,9,11,19,26,Fevereiro
87	11.12.2018	7,9,10,15,18,21,22,Janeiro
88	13.12.2018	3,4,17,18,19,23,27,Maio
89	15.12.2018	3,6,16,18,19,24,31,Julho
90	18.12.2018	1,5,6,8,12,23,26,Maio
91	20.12.2018	8,10,15,16,23,28,29,Abril
92	22.12.2018	5,7,8,9,15,26,29,Dezembro
93	27.12.2018	1,8,9,16,21,23,30,Agosto
94	29.12.2018	7,10,13,15,19,23,26,Setembro
95	03.01.2019	5,7,8,18,20,23,28,Julho
96	05.01.2019	3,4,9,15,17,28,29,Maio
97	08.01.2019	1,10,12,22,23,25,28,Novembro
98	10.01.2019	1,3,7,12,26,27,28,Setembro
99	12.01.2019	4,14,20,27,28,29,30,Março
100	15.01.2019	3,4,8,15,16,20,21,Maio
101	17.01.2019	4,5,9,13,19,20,29,Dezembro
102	19.01.2019	4,7,10,19,22,26,28,Maio
103	22.01.2019	4,5,19,23,25,26,31,Janeiro
104	24.01.2019	3,13,20,25,26,27,30,Dezembro
105	26.01.2019	3,7,8,12,21,24,29,Agosto
106	29.01.2019	5,8,17,20,25,26,28,Dezembro
107	31.01.2019	4,7,13,15,18,20,23,Junho
108	02.02.2019	2,6,15,17,22,24,25,Novembro
109	05.02.2019	3,18,20,23,24,26,28,Julho
110	07.02.2019	4,8,10,11,14,18,26,Março
111	09.02.2019	1,6,8,14,17,21,26,Fevereiro
112	12.02.2019	11,13,18,21,24,25,26,Dezembro
113	14.02.2019	6,9,10,12,17,27,30,Maio
114	16.02.2019	7,8,9,23,26,29,31,Novembro
115	19.02.2019	7,8,13,16,18,21,22,Fevereiro
116	21.02.2019	2,5,12,16,18,24,30,Março
117	23.02.2019	5,7,9,16,18,20,27,Outubro
118	26.02.2019	2,5,7,9,15,22,30,Outubro
119	28.02.2019	2,3,6,12,24,25,28,Novembro
120	02.03.2019	2,8,16,21,22,27,28,Fevereiro
121	07.03.2019	3,9,10,12,14,19,24,Julho
122	09.03.2019	12,13,14,15,16,23,31,Abril
123	12.03.2019	6,11,16,18,19,21,23,Agosto
124	14.03.2019	12,15,20,21,22,24,27,Novembro
125	16.03.2019	1,8,12,13,17,26,30,Dezembro
126	19.03.2019	9,11,14,18,24,27,29,Agosto
127	21.03.2019	1,5,7,9,17,21,22,Maio
128	23.03.2019	2,7,8,15,19,20,22,Maio
129	26.03.2019	6,12,13,15,16,28,29,Outubro
130	28.03.2019	5,8,10,20,23,25,28,Janeiro
131	30.03.2019	4,5,11,22,26,27,30,Março
132	02.04.2019	3,11,14,18,19,23,26,Outubro
133	04.04.2019	1,4,8,10,20,22,31,Março
134	06.04.2019	1,2,8,10,14,16,18,Maio
135	09.04.2019	2,5,6,11,25,27,28,Janeiro
136	11.04.2019	17,19,20,21,23,27,30,Março
137	13.04.2019	3,5,6,8,16,19,28,Dezembro
138	16.04.2019	9,13,15,17,21,27,29,Junho
139	18.04.2019	3,4,11,13,18,19,22,Julho
140	20.04.2019	5,8,9,12,14,17,22,Março
141	23.04.2019	2,7,9,15,23,25,30,Julho
142	25.04.2019	6,11,18,21,23,29,30,Junho
143	27.04.2019	5,10,11,15,22,29,31,Janeiro
144	30.04.2019	2,4,7,8,13,15,27,Novembro
145	02.05.2019	2,3,6,10,11,13,15,Dezembro
146	04.05.2019	1,8,9,17,18,19,23,Março
147	07.05.2019	2,3,6,8,9,22,27,Janeiro
148	09.05.2019	7,9,11,18,21,22,29,Setembro
149	11.05.2019	3,16,20,21,25,26,30,Agosto
150	14.05.2019	1,2,7,16,17,26,29,Agosto
151	16.05.2019	3,11,13,17,22,29,31,Novembro
152	18.05.2019	1,3,5,10,14,25,31,Julho
153	21.05.2019	2,13,21,23,25,29,30,Junho
154	23.05.2019	3,5,9,14,21,29,30,Dezembro
155	25.05.2019	3,13,15,16,25,27,28,Maio
156	28.05.2019	1,3,7,15,16,29,31,Abril
157	30.05.2019	2,10,17,18,20,25,29,Dezembro
158	01.06.2019	7,14,20,23,27,28,29,Março
159	04.06.2019	1,10,14,17,23,28,31,Outubro
160	06.06.2019	4,8,9,12,13,25,30,Novembro
161	08.06.2019	2,3,5,14,15,20,25,Dezembro
162	11.06.2019	6,10,11,14,20,24,25,Julho
163	13.06.2019	7,10,16,18,24,25,27,Dezembro
164	15.06.2019	7,10,12,13,17,21,22,Setembro
165	18.06.2019	4,5,7,8,11,19,24,Fevereiro
166	22.06.2019	6,7,11,19,22,23,25,Setembro
167	25.06.2019	10,11,12,13,15,20,26,Agosto
168	27.06.2019	1,3,4,20,23,25,26,Março
169	29.06.2019	9,11,14,18,24,26,29,Outubro
170	02.07.2019	1,9,10,11,15,20,21,Junho
171	04.07.2019	3,7,11,18,20,23,29,Dezembro
172	06.07.2019	3,6,10,21,25,27,30,Outubro
173	09.07.2019	2,7,11,13,25,27,28,Abril
174	11.07.2019	3,5,6,7,17,19,25,Fevereiro
175	13.07.2019	4,6,7,17,21,26,31,Dezembro
176	16.07.2019	3,4,6,9,10,18,29,Junho
177	18.07.2019	3,11,17,18,24,25,28,Outubro
178	20.07.2019	2,3,4,9,12,23,24,Setembro
179	23.07.2019	3,4,5,11,21,24,30,Outubro
180	25.07.2019	5,13,20,21,23,25,30,Novembro
181	27.07.2019	6,8,10,15,17,26,28,Agosto
182	30.07.2019	2,3,7,15,22,26,31,Outubro
183	01.08.2019	5,7,16,17,21,24,27,Novembro
184	03.08.2019	6,9,10,14,16,17,22,Agosto
185	06.08.2019	7,11,18,21,24,28,29,Junho
186	08.08.2019	6,15,17,22,23,26,27,Setembro
187	10.08.2019	1,3,6,15,17,23,26,Outubro
188	13.08.2019	8,12,21,23,24,26,28,Maio
189	15.08.2019	2,7,13,16,18,20,29,Novembro
190	17.08.2019	3,4,5,6,14,16,27,Julho
191	20.08.2019	3,4,11,24,26,28,29,Outubro
192	22.08.2019	4,11,14,15,18,28,31,Dezembro
193	24.08.2019	12,13,16,25,28,30,31,Julho
194	27.08.2019	3,4,7,9,15,21,23,Janeiro
195	29.08.2019	2,3,5,14,15,22,23,Fevereiro
196	31.08.2019	4,13,14,22,26,29,30,Agosto
197	03.09.2019	1,2,4,11,17,18,28,Abril
198	05.09.2019	1,2,9,10,16,23,28,Janeiro
199	10.09.2019	2,15,20,21,22,23,24,Julho
200	12.09.2019	10,12,13,17,21,23,27,Fevereiro
201	14.09.2019	2,7,9,13,14,16,29,Junho
202	17.09.2019	5,6,7,11,21,26,29,Setembro
203	19.09.2019	2,3,7,10,15,17,20,Dezembro
204	21.09.2019	2,11,20,21,27,28,31,Junho
205	24.09.2019	5,6,9,17,19,20,23,Maio
206	26.09.2019	13,16,21,23,24,27,28,Dezembro
207	28.09.2019	1,5,8,10,12,25,28,Julho
208	01.10.2019	2,4,17,21,28,29,31,Outubro
209	03.10.2019	5,7,14,17,19,23,29,Agosto
210	05.10.2019	7,10,18,19,20,23,27,Dezembro
211	08.10.2019	1,5,13,24,26,27,29,Maio
212	10.10.2019	5,11,14,17,18,26,30,Outubro
213	15.10.2019	6,9,10,18,21,24,26,Setembro
214	17.10.2019	2,9,11,13,21,28,29,Maio
215	19.10.2019	4,7,11,13,15,18,25,Junho
216	22.10.2019	5,8,9,14,25,28,30,Agosto
217	24.10.2019	2,6,16,17,18,20,26,Setembro
218	26.10.2019	2,3,11,12,17,18,21,Setembro
219	29.10.2019	3,6,10,16,17,25,28,Março
220	31.10.2019	2,4,9,17,19,25,31,Fevereiro
221	05.11.2019	3,6,7,9,15,27,31,Dezembro
222	07.11.2019	3,12,13,16,18,19,27,Abril
223	09.11.2019	3,4,10,11,14,19,28,Dezembro
224	12.11.2019	1,6,8,14,17,19,23,Março
225	14.11.2019	1,7,12,14,22,24,26,Abril
226	16.11.2019	1,4,8,12,22,24,28,Fevereiro
227	19.11.2019	2,11,12,15,17,20,25,Junho
228	21.11.2019	4,10,14,18,21,22,23,Dezembro
229	23.11.2019	9,13,15,21,25,27,30,Junho
230	26.11.2019	5,8,12,18,24,27,29,Maio
231	28.11.2019	4,10,12,13,14,24,26,Fevereiro
232	30.11.2019	4,5,6,12,15,16,26,Novembro
233	03.12.2019	3,6,7,16,22,23,28,Dezembro
234	05.12.2019	4,5,13,17,23,24,29,Dezembro
235	07.12.2019	13,17,18,19,22,27,29,Agosto
236	10.12.2019	4,5,6,9,11,19,23,Abril
237	12.12.2019	3,6,14,18,19,29,31,Agosto
238	14.12.2019	1,2,10,19,24,26,28,Agosto
239	17.12.2019	5,13,15,23,27,29,30,Agosto
240	19.12.2019	1,4,8,13,19,22,25,Outubro
241	21.12.2019	3,5,6,12,20,23,31,Julho
242	24.12.2019	2,3,5,9,16,19,25,Fevereiro
243	26.12.2019	2,4,8,13,14,17,22,Fevereiro
244	28.12.2019	1,6,12,13,15,16,29,Dezembro
245	30.12.2019	1,5,7,14,21,30,31,Maio
246	02.01.2020	9,10,14,16,18,19,24,Maio
247	04.01.2020	2,9,10,12,17,25,28,Agosto
248	07.01.2020	2,5,14,16,17,18,22,Junho
249	09.01.2020	3,8,12,20,21,27,29,Setembro
250	11.01.2020	1,5,10,14,15,29,30,Dezembro
251	14.01.2020	5,11,14,18,20,27,31,Março
252	16.01.2020	4,9,12,19,25,28,31,Dezembro
253	18.01.2020	4,12,14,19,23,28,29,Abril
254	21.01.2020	18,20,21,22,25,27,31,Fevereiro
255	23.01.2020	3,11,23,24,25,28,30,Julho
256	25.01.2020	1,5,12,16,27,30,31,Dezembro
257	28.01.2020	5,12,17,19,21,24,28,Maio
258	30.01.2020	1,2,3,9,13,24,30,Julho
259	01.02.2020	6,9,10,13,21,26,29,Setembro
260	04.02.2020	5,8,10,12,18,24,31,Junho
261	06.02.2020	5,8,9,18,23,26,31,Abril
262	08.02.2020	4,5,17,18,20,27,28,Junho
263	11.02.2020	9,18,19,21,23,27,30,Dezembro
264	13.02.2020	13,15,22,23,25,30,31,Dezembro
265	15.02.2020	2,3,14,16,17,20,27,Novembro
266	18.02.2020	1,3,10,14,17,30,31,Dezembro
267	20.02.2020	1,2,6,9,13,20,30,Outubro
268	22.02.2020	2,3,14,16,17,21,29,Março
269	26.02.2020	1,4,6,9,26,27,31,Junho
270	27.02.2020	1,2,3,4,24,27,28,Março
271	29.02.2020	7,15,17,20,21,24,29,Julho
272	03.03.2020	3,5,6,10,12,16,21,Fevereiro
273	05.03.2020	3,11,12,19,20,26,28,Novembro
274	07.03.2020	2,3,4,6,8,10,30,Março
275	10.03.2020	7,10,12,14,24,27,28,Novembro
276	12.03.2020	4,5,15,16,18,27,30,Agosto
277	14.03.2020	2,3,10,13,21,22,31,Agosto
278	17.03.2020	5,8,13,21,22,24,26,Setembro
279	19.03.2020	3,7,10,13,24,25,28,Novembro
280	21.03.2020	2,3,10,13,17,24,28,Junho
281	24.03.2020	5,7,9,14,24,26,31,Maio
282	26.03.2020	7,8,16,22,23,25,31,Novembro
283	28.03.2020	2,8,17,20,21,22,24,Maio
284	31.03.2020	1,3,4,5,18,22,25,Agosto
285	02.04.2020	10,15,17,18,21,22,23,Agosto
286	04.04.2020	4,5,19,23,28,29,30,Fevereiro
287	07.04.2020	10,14,15,16,18,24,30,Outubro
288	09.04.2020	7,11,16,21,23,28,30,Janeiro
289	11.04.2020	2,4,14,17,19,21,30,Fevereiro
290	14.04.2020	5,12,13,18,21,23,29,Fevereiro
291	16.04.2020	2,3,5,7,10,17,20,Novembro
292	18.04.2020	1,4,5,19,22,23,24,Novembro
293	20.04.2020	3,7,13,20,25,27,28,Novembro
294	23.04.2020	4,5,10,12,14,19,24,Outubro
295	25.04.2020	1,4,5,9,10,22,30,Maio
296	28.04.2020	4,6,13,18,21,22,27,Março
297	30.04.2020	10,13,14,15,20,23,29,Abril
298	02.05.2020	3,4,8,9,16,24,31,Janeiro
299	05.05.2020	3,14,15,17,20,21,22,Abril
300	07.05.2020	10,15,16,17,24,25,31,Novembro
301	09.05.2020	11,18,22,27,28,29,30,Novembro
302	12.05.2020	1,4,7,10,15,25,31,Janeiro
303	14.05.2020	5,13,15,16,18,25,30,Abril
304	16.05.2020	1,2,16,23,24,25,30,Janeiro
305	19.05.2020	4,8,9,10,20,25,28,Agosto
306	21.05.2020	3,11,12,13,20,24,30,Fevereiro
307	23.05.2020	4,8,14,15,16,24,27,Janeiro
308	26.05.2020	10,11,16,20,21,23,28,Janeiro
309	28.05.2020	2,5,10,11,12,18,19,Junho
310	30.05.2020	6,7,9,10,13,14,21,Abril
311	02.06.2020	1,3,9,16,17,21,22,Abril
312	04.06.2020	2,9,15,22,24,29,30,Abril
313	06.06.2020	9,12,16,19,24,28,29,Outubro
314	09.06.2020	1,7,9,11,22,25,26,Novembro
315	12.06.2020	9,10,19,22,26,27,28,Julho
316	13.06.2020	1,10,13,14,16,22,30,Novembro
317	16.06.2020	5,7,8,14,15,22,28,Fevereiro
318	18.06.2020	6,11,14,16,18,28,30,Dezembro
319	20.06.2020	3,10,14,17,28,29,30,Dezembro
320	23.06.2020	4,9,12,13,15,26,27,Novembro
321	25.06.2020	7,13,21,22,26,29,31,Janeiro
322	27.06.2020	4,9,12,19,20,26,28,Abril
323	30.06.2020	1,9,24,25,27,29,30,Agosto
324	02.07.2020	3,6,14,18,24,27,30,Maio
325	04.07.2020	7,8,19,20,21,24,26,Julho
326	07.07.2020	1,10,15,16,22,24,29,Agosto
327	09.07.2020	4,9,13,15,21,23,25,Setembro
328	11.07.2020	11,14,17,20,23,25,27,Dezembro
329	14.07.2020	2,6,9,17,18,19,22,Março
330	16.07.2020	7,10,11,17,23,24,29,Março
331	18.07.2020	7,8,23,26,29,30,31,Fevereiro
332	21.07.2020	6,8,9,14,15,18,25,Agosto
333	23.07.2020	5,10,13,16,18,20,22,Agosto
334	25.07.2020	3,5,12,14,19,24,28,Outubro
335	28.07.2020	1,3,5,10,13,14,26,Abril
336	30.07.2020	4,8,11,13,23,26,28,Abril
337	01.08.2020	1,6,7,20,21,27,30,Abril
338	04.08.2020	3,8,10,11,14,23,24,Junho
339	06.08.2020	1,5,9,10,23,24,25,Janeiro
340	08.08.2020	4,7,16,17,20,27,28,Junho
341	11.08.2020	1,5,8,10,11,13,27,Agosto
342	13.08.2020	2,7,8,11,12,20,30,Fevereiro
343	15.08.2020	1,7,11,25,26,29,31,Março
344	18.08.2020	1,2,17,23,24,25,31,Abril
345	20.08.2020	5,7,8,13,22,26,30,Maio
346	22.08.2020	14,15,17,21,24,25,31,Abril
347	25.08.2020	6,8,19,20,22,23,29,Setembro
348	27.08.2020	2,10,18,19,24,26,27,Janeiro
349	29.08.2020	2,10,17,25,26,28,29,Outubro
350	01.09.2020	7,16,20,23,24,25,26,Novembro
351	03.09.2020	4,8,9,11,18,19,26,Junho
352	05.09.2020	5,11,12,15,18,22,26,Agosto
353	08.09.2020	9,16,20,22,24,28,30,Julho
354	10.09.2020	6,8,20,21,24,28,29,Dezembro
355	12.09.2020	4,12,13,16,19,22,31,Julho
356	15.09.2020	1,2,10,15,22,23,28,Março
357	17.09.2020	3,4,6,11,23,24,26,Setembro
358	19.09.2020	3,4,5,15,25,27,29,Fevereiro
359	22.09.2020	6,9,14,20,21,22,25,Dezembro
360	24.09.2020	10,11,13,19,25,27,30,Outubro
361	26.09.2020	1,4,5,12,14,22,27,Julho
362	29.09.2020	3,7,10,19,29,30,31,Maio
363	01.10.2020	2,11,12,13,14,18,30,Outubro
364	03.10.2020	3,6,7,12,15,23,28,Janeiro
365	06.10.2020	6,11,14,15,17,19,21,Janeiro
366	08.10.2020	17,19,23,25,26,29,31,Novembro
367	10.10.2020	6,15,17,22,23,26,29,Março
368	13.10.2020	12,20,21,22,24,26,28,Junho
369	15.10.2020	10,15,16,17,19,21,30,Outubro
370	17.10.2020	4,6,11,15,19,21,22,Agosto
371	20.10.2020	3,11,12,16,24,29,31,Setembro
372	22.10.2020	2,4,19,20,23,26,27,Dezembro
373	24.10.2020	5,10,21,25,26,29,31,Abril
374	27.10.2020	3,8,9,20,21,23,27,Março
375	29.10.2020	4,8,9,13,20,23,30,Dezembro
376	31.10.2020	7,9,10,13,20,22,25,Março
377	03.11.2020	1,11,12,13,17,29,31,Outubro
378	05.11.2020	11,13,18,21,23,25,27,Agosto
379	07.11.2020	3,7,14,21,24,26,27,Março
380	10.11.2020	5,15,17,22,26,28,31,Junho
381	12.11.2020	14,15,16,17,22,24,29,Dezembro
382	14.11.2020	10,13,17,20,22,26,28,Junho
383	17.11.2020	2,9,11,16,22,24,30,Março
384	19.11.2020	2,3,6,9,10,15,26,Maio
385	21.11.2020	4,6,7,14,15,22,31,Junho
386	24.11.2020	5,10,11,20,22,29,31,Setembro
387	26.11.2020	2,6,15,18,21,22,23,Julho
388	28.11.2020	2,4,7,9,15,22,26,Março
389	01.12.2020	5,16,23,25,27,28,29,Agosto
390	03.12.2020	1,12,17,25,26,28,29,Fevereiro
391	05.12.2020	5,7,10,11,13,17,23,Setembro
392	08.12.2020	3,4,10,18,22,24,28,Outubro
393	10.12.2020	6,13,19,21,23,27,28,Março
394	12.12.2020	1,2,5,8,15,24,25,Maio
395	15.12.2020	8,14,16,21,25,30,31,Agosto
396	17.12.2020	1,2,14,17,23,25,26,Agosto
397	19.12.2020	7,8,9,10,12,14,30,Abril
398	22.12.2020	2,3,7,10,20,30,31,Agosto
399	24.12.2020	2,7,15,19,20,23,24,Abril
400	29.12.2020	6,12,17,19,21,23,31,Novembro
401	31.12.2020	3,4,6,7,10,24,31,Setembro
402	05.01.2021	1,3,5,7,20,22,29,Março
403	07.01.2021	4,9,11,25,26,29,30,Abril
404	09.01.2021	1,2,9,14,16,25,29,Novembro
405	12.01.2021	4,5,7,11,13,18,30,Dezembro
406	14.01.2021	1,10,11,15,19,20,22,Agosto
407	16.01.2021	4,5,12,13,16,25,26,Fevereiro
408	19.01.2021	10,14,17,20,25,27,29,Outubro
409	21.01.2021	10,14,16,24,28,30,31,Janeiro
410	23.01.2021	6,12,14,16,18,27,31,Setembro
411	26.01.2021	3,4,8,11,19,26,27,Janeiro
412	28.01.2021	4,9,10,12,13,19,21,Janeiro
413	30.01.2021	3,6,9,12,16,21,22,Março
414	02.02.2021	2,11,17,20,28,30,31,Março
415	04.02.2021	4,8,10,14,20,27,29,Fevereiro
416	06.02.2021	3,8,11,13,23,24,30,Outubro
417	09.02.2021	3,8,11,17,19,21,26,Agosto
418	11.02.2021	7,9,20,23,25,27,31,Outubro
419	13.02.2021	2,3,10,13,17,24,31,Setembro
420	18.02.2021	1,5,9,10,14,16,25,Setembro
421	20.02.2021	6,9,11,14,19,22,25,Agosto
422	23.02.2021	6,7,19,24,27,28,31,Junho
423	25.02.2021	5,7,9,13,18,21,30,Novembro
424	27.02.2021	1,6,11,13,23,25,31,Novembro
425	02.03.2021	16,18,19,21,26,29,31,Junho
426	04.03.2021	1,4,14,17,23,24,27,Maio
427	06.03.2021	2,5,9,10,11,13,24,Julho
428	09.03.2021	4,6,7,15,17,20,21,Março
429	11.03.2021	8,15,17,19,23,27,31,Setembro
430	13.03.2021	2,17,19,20,24,28,31,Fevereiro
431	16.03.2021	14,20,23,24,26,27,31,Novembro
432	18.03.2021	5,9,12,15,24,27,28,Setembro
433	20.03.2021	1,6,7,19,25,27,31,Setembro
434	23.03.2021	7,12,14,22,24,30,31,Setembro
435	25.03.2021	7,8,14,21,23,26,30,Janeiro
436	27.03.2021	4,23,24,25,26,27,31,Setembro
437	30.03.2021	1,14,22,26,27,28,31,Fevereiro
438	01.04.2021	3,7,10,18,19,22,28,Julho
439	03.04.2021	1,6,14,19,23,27,28,Maio
440	06.04.2021	2,8,13,14,17,21,24,Maio
441	08.04.2021	1,9,14,19,28,29,30,Setembro
442	10.04.2021	5,12,15,18,24,26,30,Dezembro
443	13.04.2021	1,6,8,10,11,21,31,Abril
444	15.04.2021	2,5,6,10,22,26,31,Abril
445	17.04.2021	1,16,18,21,24,26,30,Junho
446	20.04.2021	3,5,6,11,16,21,27,Dezembro
447	22.04.2021	4,7,9,18,20,26,29,Abril
448	24.04.2021	4,5,6,15,20,25,29,Março
449	27.04.2021	4,6,7,16,22,23,29,Outubro
450	29.04.2021	10,15,19,24,26,27,29,Abril
451	04.05.2021	7,11,17,19,24,26,30,Março
452	06.05.2021	2,10,14,17,20,21,26,Fevereiro
453	08.05.2021	1,3,8,13,17,21,23,Outubro
454	11.05.2021	3,4,10,11,13,16,17,Julho
455	13.05.2021	9,12,13,14,21,24,29,Agosto
456	15.05.2021	2,12,18,19,21,22,30,Março
457	18.05.2021	4,8,12,14,15,22,29,Janeiro
458	20.05.2021	9,10,14,15,22,27,28,Setembro
459	22.05.2021	1,8,10,13,16,27,29,Fevereiro
460	25.05.2021	7,17,18,20,21,28,31,Abril
461	27.05.2021	2,8,11,24,25,28,29,Janeiro
462	29.05.2021	1,5,6,10,19,21,26,Dezembro
463	01.06.2021	5,8,10,16,22,26,30,Julho
464	05.06.2021	7,10,11,15,21,25,31,Abril
465	08.06.2021	1,9,20,25,27,30,31,Abril
466	10.06.2021	2,5,8,13,15,20,25,Agosto
467	12.06.2021	5,6,9,21,22,25,29,Maio
468	15.06.2021	3,7,8,10,17,24,28,Abril
469	17.06.2021	5,6,7,8,11,14,26,Julho
470	19.06.2021	1,12,14,15,16,19,23,Outubro
471	22.06.2021	2,3,11,12,19,24,27,Novembro
472	24.06.2021	5,7,9,10,22,25,29,Março
473	26.06.2021	2,9,11,16,20,27,28,Julho
474	29.06.2021	6,8,9,12,14,17,19,Julho
475	01.07.2021	10,14,15,18,23,27,29,Agosto
476	03.07.2021	2,5,6,10,23,27,31,Outubro
477	06.07.2021	2,5,8,12,19,23,26,Março
478	08.07.2021	3,4,9,27,29,30,31,Junho
479	10.07.2021	1,5,12,13,15,20,23,Abril
480	13.07.2021	3,6,10,17,20,28,31,Setembro
481	15.07.2021	4,5,11,14,23,24,31,Junho
482	17.07.2021	1,8,18,23,25,29,30,Fevereiro
483	20.07.2021	2,9,11,12,16,23,29,Novembro
484	22.07.2021	1,4,9,14,20,25,26,Janeiro
485	24.07.2021	4,20,21,22,23,26,28,Novembro
486	27.07.2021	3,7,12,17,18,22,23,Setembro
487	29.07.2021	2,7,12,19,20,30,31,Junho
488	31.07.2021	1,4,9,14,15,25,29,Janeiro
489	03.08.2021	6,8,17,18,22,24,27,Julho
490	05.08.2021	6,7,15,21,24,27,31,Agosto
491	07.08.2021	2,3,7,12,23,26,30,Junho
492	10.08.2021	2,9,10,11,21,22,26,Novembro
493	12.08.2021	6,7,11,12,19,23,30,Novembro
494	14.08.2021	3,8,13,20,25,26,30,Janeiro
495	17.08.2021	4,5,11,15,19,22,30,Maio
496	19.08.2021	1,8,12,16,18,19,23,Junho
497	21.08.2021	7,8,11,18,19,27,31,Dezembro
498	24.08.2021	3,16,18,20,25,30,31,Novembro
499	26.08.2021	8,9,11,12,14,20,21,Maio
500	28.08.2021	2,7,9,15,22,24,27,Setembro
501	31.08.2021	3,13,18,20,23,24,30,Março
502	02.09.2021	1,5,8,18,26,27,31,Dezembro
503	04.09.2021	2,3,5,9,15,22,29,Junho
504	09.09.2021	2,9,10,11,21,30,31,Novembro
505	11.09.2021	2,3,7,8,12,14,29,Fevereiro
506	14.09.2021	4,6,16,20,26,27,29,Maio
507	16.09.2021	7,8,14,15,16,17,23,Outubro
508	18.09.2021	2,3,4,8,11,15,25,Fevereiro
509	21.09.2021	1,3,5,6,15,20,23,Maio
510	23.09.2021	5,6,16,17,21,27,31,Março
511	25.09.2021	7,8,9,17,19,28,29,Agosto
512	28.09.2021	4,5,10,12,13,21,23,Junho
513	30.09.2021	6,7,15,24,27,29,31,Junho
514	02.10.2021	1,2,5,8,15,17,18,Maio
515	05.10.2021	5,7,14,15,18,20,24,Março
516	07.10.2021	1,11,15,17,22,26,27,Abril
517	09.10.2021	10,11,21,22,27,29,30,Janeiro
518	14.10.2021	5,10,11,16,18,24,25,Novembro
519	16.10.2021	8,9,12,13,16,19,24,Novembro
520	19.10.2021	11,12,15,21,22,30,31,Julho
521	21.10.2021	9,13,16,17,22,24,27,Maio
522	23.10.2021	1,6,7,9,13,16,22,Julho
523	26.10.2021	3,5,10,15,17,19,23,Agosto
524	28.10.2021	4,7,14,17,19,21,29,Agosto
525	30.10.2021	12,16,17,20,21,22,29,Maio
526	04.11.2021	5,8,13,26,27,30,31,Dezembro
527	06.11.2021	2,9,12,18,24,30,31,Fevereiro
528	09.11.2021	4,5,9,13,17,18,31,Agosto
529	11.11.2021	8,10,13,16,24,27,29,Outubro
530	13.11.2021	3,11,13,23,26,27,30,Março
531	16.11.2021	4,11,15,18,23,26,31,Julho
532	18.11.2021	3,5,8,16,19,23,30,Abril
533	20.11.2021	2,3,4,9,13,20,25,Julho
534	23.11.2021	10,11,14,19,28,30,31,Abril
535	25.11.2021	2,4,10,11,14,28,30,Novembro
536	27.11.2021	3,5,8,10,12,22,27,Janeiro
537	30.11.2021	8,11,13,19,22,24,28,Agosto
538	02.12.2021	8,12,18,19,28,29,31,Dezembro
539	04.12.2021	7,12,14,16,23,26,27,Março
540	07.12.2021	7,9,10,13,18,21,25,Abril
541	09.12.2021	1,4,6,8,13,17,31,Janeiro
542	11.12.2021	3,6,10,13,15,17,29,Julho
543	14.12.2021	3,4,6,10,18,20,26,Junho
544	16.12.2021	2,8,9,11,17,24,28,Janeiro
545	18.12.2021	1,6,12,19,21,22,26,Março
546	21.12.2021	6,8,17,19,20,21,29,Maio
547	23.12.2021	2,4,17,18,19,25,31,Dezembro
548	28.12.2021	1,7,11,19,21,29,30,Abril
549	30.12.2021	4,6,8,14,16,23,24,Julho
550	04.01.2022	5,8,16,18,23,27,28,Abril
551	06.01.2022	1,4,6,8,12,24,30,Fevereiro
552	08.01.2022	6,13,14,21,23,27,29,Dezembro
553	11.01.2022	6,8,14,19,23,26,30,Fevereiro
554	13.01.2022	5,9,17,19,20,26,30,Junho
555	15.01.2022	4,12,15,17,22,24,25,Maio
556	18.01.2022	3,6,9,17,19,25,28,Agosto
557	20.01.2022	1,7,10,12,20,23,26,Setembro
558	22.01.2022	3,5,11,17,21,26,27,Janeiro
559	25.01.2022	9,11,17,18,22,25,30,Fevereiro
560	27.01.2022	12,14,17,19,27,29,30,Novembro
561	29.01.2022	1,4,16,18,19,21,30,Julho
562	01.02.2022	2,7,9,14,19,26,29,Junho
563	03.02.2022	5,10,11,18,27,28,30,Abril
564	05.02.2022	2,4,11,20,22,24,31,Dezembro
565	08.02.2022	1,2,11,13,19,21,24,Junho
566	10.02.2022	2,7,13,15,18,19,25,Fevereiro
567	12.02.2022	8,12,19,21,23,25,28,Fevereiro
568	15.02.2022	1,7,12,14,20,29,31,Outubro
569	17.02.2022	1,2,4,9,17,21,31,Abril
570	19.02.2022	9,18,20,21,23,24,29,Julho
571	22.02.2022	9,13,16,18,23,26,31,Janeiro
572	24.02.2022	3,7,10,12,14,27,30,Dezembro
573	26.02.2022	6,13,22,24,26,29,30,Julho
574	03.03.2022	11,14,22,23,24,26,29,Abril
575	05.03.2022	3,4,6,10,12,14,23,Abril
576	08.03.2022	2,3,6,8,16,25,26,Abril
577	10.03.2022	4,7,10,14,25,29,30,Fevereiro
578	12.03.2022	11,13,17,20,21,23,25,Junho
579	15.03.2022	1,4,6,8,17,22,25,Janeiro
580	17.03.2022	9,13,18,19,21,22,25,Maio
581	19.03.2022	2,8,9,11,16,25,29,Novembro
582	22.03.2022	9,10,17,20,21,22,26,Maio
583	24.03.2022	3,6,10,15,21,25,29,Novembro
584	26.03.2022	3,10,22,24,26,30,31,Janeiro
585	29.03.2022	1,2,7,12,14,17,29,Abril
586	31.03.2022	1,9,11,22,25,28,31,Fevereiro
587	02.04.2022	6,10,11,13,19,21,29,Agosto
588	05.04.2022	4,8,9,14,16,19,24,Agosto
589	07.04.2022	2,12,16,17,18,22,23,Junho
590	09.04.2022	1,5,8,18,19,27,28,Agosto
591	12.04.2022	2,17,19,20,23,25,27,Julho
592	14.04.2022	4,9,10,12,19,22,26,Julho
593	16.04.2022	2,9,10,13,18,20,29,Dezembro
594	19.04.2022	6,15,16,17,18,27,31,Julho
595	23.04.2022	4,8,9,19,22,25,31,Abril
596	26.04.2022	2,5,9,14,25,26,28,Março
597	28.04.2022	6,7,10,13,22,24,29,Agosto
598	30.04.2022	7,9,13,15,20,24,25,Junho
599	03.05.2022	2,3,6,7,17,26,29,Novembro
600	05.05.2022	2,4,9,11,18,24,28,Fevereiro
601	07.05.2022	9,10,11,12,18,19,25,Dezembro
602	10.05.2022	1,6,8,11,15,19,30,Novembro
603	12.05.2022	2,21,22,26,27,28,31,Setembro
604	14.05.2022	6,7,12,18,20,24,28,Julho
605	17.05.2022	9,10,20,23,27,29,31,Dezembro
606	19.05.2022	3,7,13,14,16,17,31,Janeiro
607	21.05.2022	9,10,11,17,21,23,26,Março
608	24.05.2022	7,8,12,22,26,27,31,Junho
609	26.05.2022	2,4,9,11,19,30,31,Maio
610	28.05.2022	2,4,8,16,18,21,29,Agosto
611	31.05.2022	2,3,10,18,23,29,30,Janeiro
612	02.06.2022	4,6,10,16,21,25,29,Dezembro
613	04.06.2022	5,10,16,22,26,27,28,Outubro
614	07.06.2022	1,3,7,9,16,24,26,Outubro
615	09.06.2022	3,6,11,14,17,28,29,Junho
616	11.06.2022	6,12,15,26,27,28,31,Outubro
617	14.06.2022	1,6,8,13,15,21,25,Novembro
618	18.06.2022	3,5,13,15,17,18,24,Junho
619	21.06.2022	2,5,11,13,19,25,27,Setembro
620	23.06.2022	1,4,15,18,22,23,30,Fevereiro
621	25.06.2022	2,8,12,15,16,19,23,Setembro
